54 4E 4C 43 04 00 00 00 0B 00 00 00 44 00 65 00
73 00 65 00 72 00 74 00 20 00 54 00 6F 00 6D 00
62 00 01 00 00 80 3F F0 23 74 49
Desert Tomb
00 00 80 3F 00 00 80 3F 00 00 80 3F 00 00 00 00 
00 00 00 00 00
00 00 00 00 00 00 00 00 00 00 00 00 00 00 00 00
00 00 00 00 00 00 00 00 00 00 00 00 00 00 00 00
00 00 00 00 03 00 00 00 06 00 00 00 02 00 00 00
B8 1E AB 40 95 37 60 41 B4 93 0F 40 00 00 00 00
00 00 00 3F 00 00 00 00 D0 B3 5D BF 00 00 80 3F
00 00 80 3F 00 00 80 3F 06 00 00 00 01 00 00 00
A0 C3 80 BF C0 09 2B 41 13 1B 2F C1 ED 83 84 3E
00 00 00 00 ED 46 77 BF 00 00 00 00 00 00 80 3F
00 00 80 3F 00 00 80 3F 08 00 00 00 00 00 00 00
00 00 00 00 17 B7 51 B8 B8 3B 36 42 00 00 80 3F
00 00 00 00 00 00 00 00 00 00 00 00 00 00 80 3F
00 00 80 3F 00 00 80 3F 00 00 00 00 00 00 00 00
00 00 00 00 00 00 00 00 00 00 80 3F 00 00 00 00
00 00 00 00 00 00 00 00 00 00 00 00 00 00 00 00
00 00 00 00 00 00 00 00 00 00 00 00 00 00 00 00
00 00 00 00 00 00 00 00 00 00 00 00 00 00 00 00
00 00 00 00 00 00 00 00 00 00 00 00 00 00 00 00
00 00 00 00 00 00 00 00 00 00 00 00 00 00 00 00
00 00 00 00 00 01 00 01 00 00 00 00 00 00 00 01 
00 00 00 04 00 00 00 

DD FA 90 C0 AC C5 A7 37 C2
90 2A 42 DB FA 90 40 28 29 B0 37 C2 90 2A 42 DD
FA 90 40 42 54 55 41 92 B6 BC 41 F5 D6 90 C0 44
54 55 41 90 B6 BC 41 07 2C C2 B3 D3 BD 51 3F CE
C7 12 3F 03 00 00 00 02 00 00 00 01 00 03 00 00
98 8F 3A 58 54 D5 40 05 76 04 42 01 00 00 00 06
00 00 00 04 00 00 00 D2 AC 74 C0 43 54 55 41 94
B6 BC 41 09 95 81 40 43 54 55 41 94 B6 BC 41 09
95 81 40 43 54 55 41 55 F8 05 41 D2 AC 74 C0 43
54 55 41 55 F8 05 41 00 00 00 80 00 00 80 3F 00
00 00 80 02 00 00 00 01 00 00 00 00 00 03 00 00
D4 E7 3D 43 54 55 41 BE B2 7F 41 04 00 00 00 D4
7C E8 40 46 54 55 41 08 02 82 C0 34 32 88 41 46
54 55 41 06 02 82 C0 34 32 88 41 46 54 55 41 04
0A B0 C1 DB 7C E8 40 46 54 55 41 04 0A B0 C1 00
00 00 00 FF FF 7F 3F 00 00 00 80 02 00 00 00 01
00 00 00 00 00 03 00 69 51 42 41 46 54 55 41 86
8A 50 C1 04 00 00 00 70 58 88 C1 45 54 55 41 3F
F8 05 41 34 32 88 41 45 54 55 41 3F F8 05 41 34
32 88 41 45 54 55 41 08 02 82 C0 70 58 88 C1 45
54 55 41 08 02 82 C0 00 00 00 80 00 00 80 3F 00
00 00 80 02 00 00 00 01 00 00 00 00 00 03 00 00
F0 18 BC 45 54 55 41 76 EE 09 40 04 00 00 00 70
58 88 C1 46 54 55 41 06 02 82 C0 3A 03 EC C0 46
54 55 41 08 02 82 C0 36 03 EC C0 46 54 55 41 02
0A B0 C1 70 58 88 C1 46 54 55 41 02 0A B0 C1 00
00 00 80 00 00 80 3F 00 00 00 80 02 00 00 00 01
00 00 00 00 00 03 00 3E 59 43 C1 46 54 55 41 84
8A 50 C1 04 00 00 00 3C 03 EC C0 45 54 55 41 08
02 82 C0 D6 7C E8 40 46 54 55 41 08 02 82 C0 73
1E D3 40 36 FF 1F 41 40 47 1C C1 C9 AE D6 C0 37
FF 1F 41 40 47 1C C1 6E 8E 71 B3 9C 08 5D 3F CD
26 01 BF 02 00 00 00 01 00 00 00 00 00 01 02 80
D7 62 BD BE A9 3A 41 44 48 DD C0 04 00 00 00 C9
AE D6 C0 35 FF 1F 41 40 47 1C C1 73 1E D3 40 35
FF 1F 41 40 47 1C C1 7C 1E D3 40 35 FF 1F 41 A6
E3 AA C1 C3 AE D6 C0 35 FF 1F 41 A6 E3 AA C1 00
00 00 80 00 00 80 3F 00 00 00 80 02 00 00 00 01
00 00 00 00 00 03 00 A0 13 64 BD 35 FF 1F 41 46
07 79 C1 00 00 00 00 

21 00 00 00, 00 00 00 00 01 00 00 00 00 
D5 0E 07 00, 00 00 00 00, 01 00 00 00, 00, 
D6 0E 07 00, 00 00 00 00, 01 00 00 00, 00, 
D7 0E 07 00, 00 00 00 00, 00 00 00 00, 00, 
A6 0E 07 00, 00 00 00 00, 00 00 00 00, 00, 
A7 0E 07 00, 00 00 00 00, 00 00 00 00, 00, 
A8 0E 07 00, 00 00 00 00, 00 00 00 00, 00, 
A9 0E 07 00, 00 00 00 00, 00 00 00 00, 00, 
AA 0E 07 00, 00 00 00 00, 00 00 00 00, 00, 
AB 0E 07 00, 00 00 00 00, 00 00 00 00, 00, 
AC 0E 07 00, 00 00 00 00, 00 00 00 00, 00, 
AD 0E 07 00, 00 00 00 00, 00 00 00 00, 00, 
AE 0E 07 00, 00 00 00 00, 00 00 00 00, 00,
B0 0E 07 00, 00 00 00 00, 00 00 00 00, 00, 
B2 0E 07 00, 00 00 00 00, 00 00 00 00, 00, 
B4 0E 07 00, 00 00 00 00, 00 00 00 00, 00, 
B7 0E 07 00, 00 00 00 00, 00 00 00 00, 00, 
BB 0E 07 00, 00 00 00 00, 00 00 00 00, 00, 
BD 0E 07 00, 00 00 00 00, 00 00 00 00, 00, 
BE 0E 07 00, 00 00 00 00, 00 00 00 00, 00, 
BF 0E 07 00, 00 00 00 00, 00 00 00 00, 00, 
C0 0E 07 00, 00 00 00 00, 00 00 00 00, 00, 
C1 0E 07 00, 00 00 00 00, 00 00 00 00, 00, 
C2 0E 07 00, 00 00 00 00, 00 00 00 00, 00, 
C3 0E 07 00, 00 00 00 00, 00 00 00 00, 00, 
C4 0E 07 00, 00 00 00 00, 00 00 00 00, 00, 
C5 0E 07 00, 00 00 00 00, 00 00 00 00, 00, 
C6 0E 07 00, 00 00 00 00, 00 00 00 00, 00, 
C7 0E 07 00, 00 00 00 00, 00 00 00 00, 00,
C8 0E 07 00, 00 00 00 00, 00 00 00 00, 00, 
C9 0E 07 00, 00 00 00 00, 00 00 00 00, 00, 
CA 0E 07 00, 00 00 00 00, 00 00 00 00, 00, 
D4 0E 07 00, 01 00 00 00, 00 00 00 00, 00, 
BA 0E 07 00, 00 00 00 00, 00 00 00 00