54 4E 4C 43 04 00 00 00 0F 00 00 00 42 00 75 00
72 00 6E 00 74 00 20 00 46 00 61 00 72 00 6D 00
68 00 6F 00 75 00 73 00 65 00 00 00 00 80 3F F0
23 74 49 00 00 80 3F 00 00 80 3F 00 00 80 3F 
00
00 00 00 00 00 00 00 00 00 00 00 00 00 00 00 00
00 00 00 00 00 00 00 00 00 00 00 00 00 00 00 00
00 00 00 00 00 00 00 00 00 00 00 00 00 00 00 00
00 00 00 00 00 00 00 00 00 00 00 00 00 00 00 00
00 00 80 3F 00 00 00 00 00 00 00 00 00 00 00 00
00 00 00 00 00 00 00 00 00 00 00 00 00 00 00 00
00 00 00 00 00 00 00 00 00 00 00 00 00 00 00 00
00 00 00 00 00 00 00 00 00 00 00 00 00 00 00 00
00 00 00 00 00 00 00 00 00 00 00 00 00 00 00 00
00 00 00 00 00 00 00 00 00 00 00 00 00 01 00 01
00 00 00 00 00 00 00 01 00 00 00 04 00 00 00 77
65 FA C0 00 00 00 00 73 E7 C8 40 52 49 40 C0 00
00 00 00 73 E7 C8 40 52 49 40 C0 00 00 00 00 8B
E0 4F 40 77 65 FA C0 00 00 00 00 8B E0 4F 40 00
00 00 80 FF FF 7F 3F 00 00 00 80 03 00 00 00 02
00 00 00 01 00 03 00 10 45 AD C0 00 00 00 00 DC
6B 98 40 00 00 00 00 00 00 00 00

11 00 00 00, 00 00 00 00, 00 00 00 00, 00, 
4D 0C 07 00, 00 00 00 00, 00 00 00 00, 00, 
4E 0C 07 00, 00 00 00 00, 00 00 00 00, 00, 
4F 0C 07 00, 00 00 00 00, 00 00 00 00, 00, 
50 0C 07 00, 00 00 00 00, 00 00 00 00, 00, 
51 0C 07 00, 00 00 00 00, 00 00 00 00, 00, 
52 0C 07 00, 00 00 00 00, 00 00 00 00, 00, 
53 0C 07 00, 00 00 00 00, 00 00 00 00, 00, 
54 0C 07 00, 00 00 00 00, 00 00 00 00, 00,
55 0C 07 00, 00 00 00 00, 00 00 00 00, 00, 
56 0C 07 00, 00 00 00 00, 00 00 00 00, 00, 
57 0C 07 00, 00 00 00 00, 00 00 00 00, 00, 
58 0C 07 00, 00 00 00 00, 00 00 00 00, 00, 
59 0C 07 00, 00 00 00 00, 00 00 00 00, 00, 
5A 0C 07 00, 00 00 00 00, 00 00 00 00, 00, 
5B 0C 07 00, 00 00 00 00, 00 00 00 00, 00, 
5D 0C 07 00, 00 00 00 00, 00 00 00 00, 00, 
5E 0C 07 00, 00 00 00 00, 00 00 00 00
