54 4E 4C 43 04 00 00 00 0C 00 00 00 52 00 61 00
6E 00 67 00 65 00 72 00 20 00 42 00 6C 00 69 00
6E 00 64 00 01 00 00 80 3F F0 23 74 49 00 00 80
3F 00 00 80 3F 00 00 80 3F 00 00 00 00,
00 00 00 00, 
00 00 00 00, 00 00 00 00, 00 00 00 00,
00 00 00 00, 00 00 00 00, 00 00 00 00, 00 00 00 00,
00 00 00 00, 00 00 00 00, 00 00 00 00, 00 00 00 00,
00 00 00 00, 00 00 00 00, 00 00 00 00, 00 00 00 80,
3F 00 00 00, 00 00 00 00, 00 00 00 00, 00 00 00 00,
00 00 00 00, 00 00 00 00, 00 00 00 00, 00 00 00 00,
00 00 00 00, 00 00 00 00, 00 00 00 00, 00 00 00 00,
00 00 00 00, 00 00 00 00, 00 00 00 00, 00 00 00 00,
00 00 00 00, 00 00 00 00, 00 00 00 00, 00 00 00 00,
00 00 00 00, 00 00 00 00, 00 00 01 00,
01 00 00 00, 00 00 00 00, 01 00 00 00, 04 00 00 00,
3B 55 55 C0, 00 FE FF 3F, 97 AA 2A C1, 3B 55 55 40,
00 FE FF 3F, 96 AA 2A C1, 37 55 55 40, A4 8C B8 B7,
52 11 72 C1, 3B 55 55 C0, A4 8C B8 B7, 52 11 72 C1,
7B 45 7B 33, BE 9C 69 3F, 78 64 D1 BE, 03 00 00 00,
02 00 00 00, 01 00 01 02, 00 00 80 B4, 48 FD 7F 3F,
F4 5D 4E C1, 01 00 00 00, 01 00 00 00, 04 00 00 00,
CF 67 14 C1, F8 FD FF 3F, CD 0F 13 41, CF 67 14 41,
F8 FD FF 3F, D0 0F 13 41, CF 67 14 41, 09 FE FF 3F,
94 AA 2A C1, CF 67 14 C1, 09 FE FF 3F, 95 AA 2A C1,
4D C4 8D A8, 01 00 80 3F, EE 27 DB 33, 03 00 00 00,
01 00 00 00, 00 00 03 00, 00 00 00 00, 00 FE FF 3F,
34 D6 3C BF, 00 00 00 00,
    // render infos and some other ids? 
    
    // counter uint 23
    17 00 00 00, 00 00 00 00, 00 00 00 00, 00, 
    E1 AB 00 00, 00 00 00 00, 00 00 00 00, 00, 
    E2 AB 00 00, 00 00 00 00, 00 00 00 00, 00,
    E3 AB 00 00, 00 00 00 00, 00 00 00 00, 00,
    E4 AB 00 00, 00 00 00 00, 00 00 00 00, 00,
    E6 AB 00 00, 00 00 00 00, 00 00 00 00, 00,
    E9 AB 00 00, 00 00 00 00, 00 00 00 00, 00,
    EA AB 00 00, 00 00 00 00, 00 00 00 00, 00, 
    EB AB 00 00, 00 00 00 00, 00 00 00 00, 00,
    EE AB 00 00, 00 00 00 00, 00 00 00 00, 00, 
    EF AB 00 00, 00 00 00 00, 00 00 00 00, 00,
    F0 AB 00 00, 00 00 00 00, 00 00 00 00, 00,
    F1 AB 00 00, 00 00 00 00, 00 00 00 00, 00, 
    F2 AB 00 00, 00 00 00 00, 00 00 00 00, 00,
    F3 AB 00 00, 00 00 00 00, 00 00 00 00, 00,
    F4 AB 00 00, 00 00 00 00, 00 00 00 00, 00,
    F5 AB 00 00, 00 00 00 00, 00 00 00 00, 00, 
    F6 AB 00 00, 00 00 00 00, 00 00 00 00, 00, 
    F7 AB 00 00, 00 00 00 00, 00 00 00 00, 00,
    F8 AB 00 00, 00 00 00 00, 00 00 00 00, 00, 
    F9 AB 00 00, 01 00 00 00, 00 00 00 00, 00, 
    E8 AB 00 00, 01 00 00 00, 00 00 00 00, 00, 
    FA AB 00 00, 02 00 00 00, 00 00 00 00, 00, 
    FB AB 00 00, 00 00 00 00, 00 00 00 00
