
54 4E 4C 43 04 00 00 00 0D 00 00 00 4D 00 69 00

6E 00 6F 00 74 00 61 00 75 00 72 00 20 00 4B 00

65 00 65 00 70 00 01 00 00 80 3F F0 23 74 49 00

00 80 3F 00 00 80 3F 00 00 80 3F 00 00 00 00 00

00 00 00 00 00 00 00 00 00 00 00 00 00 00 00 00
00 00 00 00 00 00 00 00 00 00 00 00 00 00 00 00
00 00 00 00 00 00 00 00 0A 00 00 00 01 00 00 00

00 00 13 00 D5 78 41 C1 05 86 B3 41 74 DE 6B 41

00 00 80 3F, 00 00 00 00, 00 00 00 00, 00 00 00 00,
00 00 80 3F, 00 00 80 3F, 00 00 80 3F, 01 00 00 00,
00 00 13 00, B0 E6 37 41, 05 86 B3 41, 74 DE 6B 41,
00 00 80 3F, 00 00 00 00, 00 00 00 00, 00 00 00 00,
00 00 80 3F, 00 00 80 3F, 00 00 80 3F, 01 00 00 00,
00 00 13 00, D5 78 41 C1, 05 86 B3 41, 01 87 B9 C1,
00 00 80 3F, 00 00 00 00, 00 00 00 00, 00 00 00 00,
00 00 80 3F, 00 00 80 3F, 00 00 80 3F, 01 00 00 00,
00 00 13 00, B0 E6 37 41, 05 86 B3 41, 01 87 B9 C1,
00 00 80 3F, 00 00 00 00, 00 00 00 00, 00 00 00 00,
00 00 80 3F, 00 00 80 3F, 00 00 80 3F, 06 00 00 00,
06 00 00 00, D0 61 17 C1, 3C 66 40 41, 4F DE FE C1,
00 00 80 3F, 00 00 00 00, 00 00 00 00, 00 00 00 00,
00 00 80 3F, 00 00 80 3F, 00 00 80 3F, 06 00 00 00,
05 00 00 00, 32 BD 08 41, 3C 66 40 41, 4F DE FE C1,
00 00 80 3F, 00 00 00 00, 00 00 00 00, 00 00 00 00,
00 00 80 3F, 00 00 80 3F, 00 00 80 3F, 06 00 00 00,
04 00 00 00, 6D 39 B7 BE, 3C 66 40 41, CF 9D 15 C2,
00 00 80 3F, 00 00 00 00, 00 00 00 00, 00 00 00 00,
00 00 80 3F, 00 00 80 3F, 00 00 80 3F, 06 00 00 00,
03 00 00 00, 56 D4 17 41, 3C 66 40 41, C4 C8 C2 41,
00 00 80 3F, 00 00 00 00, 00 00 00 00, 00 00 00 00,
00 00 80 3F, 00 00 80 3F, 00 00 80 3F, 06 00 00 00,
02 00 00 00, 48 D0 08 C1, 3C 66 40 41, 4F D2 E9 41,
00 00 80 3F, 00 00 00 00, 00 00 00 00, 00 00 00 00,
00 00 80 3F, 00 00 80 3F, 00 00 80 3F, 06 00 00 00,
01 00 00 00, B1 5C B6 C1, 3C 66 40 41, 1B BB 48 C0,
00 00 80 3F, 00 00 00 00, 00 00 00 00, 00 00 00 00,
00 00 80 3F, 00 00 80 3F, 00 00 80 3F, 00 00 00 00,
00 00 00 00, 00 00 00 00, 00 00 00 00, 00 00 80 3F,

00 00 00 00 00 00 00 00 00 00 00 00 00 00 00 00
00 00 00 00 00 00 00 00 00 00 00 00 00 00 00 00
00 00 00 00 00 00 00 00 00 00 00 00 00 00 00 00
00 00 00 00 00 00 00 00 00 00 00 00 00 00 00 00
00 00 00 00 00 00 00 00 00 00 00 00 00 00 00 00
00 00 00 00 00 00 00 00 00 01 00 01 00 00 00 00
00 00 00 01 00 00 00 04 00 00 00 

3C EC 27 C1 7C
7B 57 BB 04 69 63 42 88 87 27 41 7C 7B 57 BB 04
69 63 42 88 CD 1F 41 38 28 42 41 6E 82 21 42 58
32 20 C1 38 28 42 41 6E 82 21 42 00 00 00 00 6F
1A 4E 3F C7 D8 17 3F 03 00 00 00 02 00 00 00 01
00 03 00 00 84 49 BC C0 1A C2 40 BA 75 42 42 02
00 00 00 01 00 00 00 04 00 00 00 5A 08 45 C1 45
FF 3F 41 4E F9 22 42 AE 57 42 41 45 FF 3F 41 4E
F9 22 42 AE 57 42 41 45 FF 3F 41 D9 48 05 42 5A
08 45 C1 45 FF 3F 41 D9 48 05 42 00 00 00 80 FE
FF 7F 3F 00 00 00 80 03 00 00 00 02 00 00 00 00
00 03 00 00 2B AC BD 45 FF 3F 41 13 21 14 42 04
00 00 00 04 00 00 00 BD 73 63 C2 48 FF 3F 41 57
39 06 42 91 C7 62 42 48 FF 3F 41 55 39 06 42 F6
EB 38 42 48 FF 3F 41 49 1E 31 C2 22 98 39 C2 48
FF 3F 41 47 1E 31 C2 00 00 00 80 00 00 80 3F 00
00 00 80 02 00 00 00 01 00 00 00 00 00 03 00 00
2C AC BD 48 FF 3F 41 C8 93 AB C0 04 00 00 00 39
24 CF C1 48 FF 3F 41 3E 6E 24 C2 E1 CB CD 41 48
FF 3F 41 41 6E 24 C2 F8 35 9E 41 48 FF 3F 41 64
03 47 C2 50 8E 9F C1 48 FF 3F 41 62 03 47 C2 00
00 00 80 00 00 80 3F 00 00 00 80 02 00 00 00 01
00 00 00 00 00 03 00 00 2C AC BD 48 FF 3F 41 D2
B8 35 C2 04 00 00 00 BD 73 63 C2 48 FF 3F 41 16
D8 15 42 C6 49 E9 C1 48 FF 3F 41 14 D8 15 42 74
A2 E5 C1 48 FF 3F 41 8F 19 DE BF E0 80 64 C2 48
FF 3F 41 4C 19 DE BF 00 00 00 80 FE FF 7F 3F 00
00 00 80 02 00 00 00 01 00 00 00 00 00 03 00 AE
DA 2B C2 48 FF 3F 41 4A E7 8E 41 04 00 00 00 D6
19 E8 41 48 FF 3F 41 66 0E 17 42 91 C7 62 42 48
FF 3F 41 66 0E 17 42 3A 9B 64 42 48 FF 3F 41 8F
19 DE BF 90 FF E5 41 48 FF 3F 41 4C 19 DE BF 00
00 00 80 00 00 80 3F 00 00 00 80 02 00 00 00 01
00 00 00 00 00 03 00 E0 9B 2B 42 48 FF 3F 41 9B
1D 90 41 

00 00 00 00 

3F 00 00 00, 00 00 00 00, 01 00 00 00, 00 
BF 6B 0C 00, 00 00 00 00, 01 00 00 00, 00, 
E9 6B 0C 00, 00 00 00 00, 01 00 00 00, 00, 
EA 6B 0C 00, 00 00 00 00, 01 00 00 00, 00,
EE 6B 0C 00, 00 00 00 00, 01 00 00 00, 00, 
EF 6B 0C 00, 00 00 00 00, 01 00 00 00, 00, 
F1 6B 0C 00, 00 00 00 00, 00 00 00 00, 00, 
B1 6B 0C 00, 00 00 00 00, 00 00 00 00, 00, 
B2 6B 0C 00, 00 00 00 00, 00 00 00 00, 00, 
B3 6B 0C 00, 00 00 00 00, 00 00 00 00, 00, 
B6 6B 0C 00, 00 00 00 00, 00 00 00 00, 00, 
B7 6B 0C 00, 00 00 00 00, 00 00 00 00, 00, 
C2 6B 0C 00, 00 00 00 00, 00 00 00 00, 00,
C5 6B 0C 00, 00 00 00 00, 00 00 00 00, 00, 
C7 6B 0C 00, 00 00 00 00, 00 00 00 00, 00, 
C9 6B 0C 00, 00 00 00 00, 00 00 00 00, 00, 
CB 6B 0C 00, 00 00 00 00, 00 00 00 00, 00, 
CD 6B 0C 00, 00 00 00 00, 00 00 00 00, 00, 
CF 6B 0C 00, 00 00 00 00, 00 00 00 00, 00, 
D1 6B 0C 00, 00 00 00 00, 00 00 00 00, 00, 
D3 6B 0C 00, 00 00 00 00, 00 00 00 00, 00, 
D6 6B 0C 00, 00 00 00 00, 00 00 00 00, 00, 
D9 6B 0C 00, 00 00 00 00, 00 00 00 00, 00, 
DC 6B 0C 00, 00 00 00 00, 00 00 00 00, 00, 
DF 6B 0C 00, 00 00 00 00, 00 00 00 00, 00, 
E2 6B 0C 00, 00 00 00 00, 00 00 00 00, 00, 
E5 6B 0C 00, 00 00 00 00, 00 00 00 00, 00, 
E6 6B 0C 00, 00 00 00 00, 00 00 00 00, 00, 
E7 6B 0C 00, 00 00 00 00, 00 00 00 00, 00,
E8 6B 0C 00, 00 00 00 00, 00 00 00 00, 00, 
EB 6B 0C 00, 00 00 00 00, 00 00 00 00, 00, 
ED 6B 0C 00, 00 00 00 00, 00 00 00 00, 00, 
F0 6B 0C 00, 00 00 00 00, 00 00 00 00, 00, 
F8 6B 0C 00, 00 00 00 00, 00 00 00 00, 00, 
B4 6B 0C 00, 00 00 00 00, 00 00 00 00, 00, 
B5 6B 0C 00, 00 00 00 00, 00 00 00 00, 00, 
B8 6B 0C 00, 00 00 00 00, 00 00 00 00, 00, 
C3 6B 0C 00, 00 00 00 00, 00 00 00 00, 00, 
C4 6B 0C 00, 00 00 00 00, 00 00 00 00, 00, 
C6 6B 0C 00, 00 00 00 00, 00 00 00 00, 00, 
C8 6B 0C 00, 00 00 00 00, 00 00 00 00, 00, 
CA 6B 0C 00, 00 00 00 00, 00 00 00 00, 00, 
CC 6B 0C 00, 00 00 00 00, 00 00 00 00, 00, 
CE 6B 0C 00, 00 00 00 00, 00 00 00 00, 00, 
D0 6B 0C 00, 00 00 00 00, 00 00 00 00, 00,
D2 6B 0C 00, 00 00 00 00, 00 00 00 00, 00, 
D4 6B 0C 00, 00 00 00 00, 00 00 00 00, 00, 
D5 6B 0C 00, 00 00 00 00, 00 00 00 00, 00, 
D7 6B 0C 00, 00 00 00 00, 00 00 00 00, 00, 
D8 6B 0C 00, 00 00 00 00, 00 00 00 00, 00, 
DA 6B 0C 00, 00 00 00 00, 00 00 00 00, 00, 
DB 6B 0C 00, 00 00 00 00, 00 00 00 00, 00, 
DD 6B 0C 00, 00 00 00 00, 00 00 00 00, 00, 
DE 6B 0C 00, 00 00 00 00, 00 00 00 00, 00, 
E0 6B 0C 00, 00 00 00 00, 00 00 00 00, 00, 
E1 6B 0C 00, 00 00 00 00, 00 00 00 00, 00, 
E3 6B 0C 00, 00 00 00 00, 00 00 00 00, 00, 
E4 6B 0C 00, 01 00 00 00, 00 00 00 00, 00, 
B9 6B 0C 00, 01 00 00 00, 00 00 00 00, 00, 
BA 6B 0C 00, 01 00 00 00, 00 00 00 00, 00, 
BB 6B 0C 00, 01 00 00 00, 00 00 00 00, 00,
BC 6B 0C 00, 01 00 00 00, 00 00 00 00, 00, 
BD 6B 0C 00, 01 00 00 00, 00 00 00 00, 00, 
BE 6B 0C 00, 01 00 00 00, 00 00 00 00, 
B1 6B 0C 00, 00 00 00 00, 01 00 00 00, 

00 00 00 00,  // ushort null 

00 00 80 3F, // float 1?
00 00 A0 40,
00 00 40 40,
D8 0F C9 3F, 
00 00 00 00,
00 00 00 00, 
00 00 00 00, 
00 00 00 00, 
00 00 00 00, 
00 00 00 00, 
00 00 00 00, 
00 00 00 00, 
00 00 00 00,
00 00 00 00, 
00 00 00 00,
00 00 00 00, 
00 00 00 00, 
00 00 00 00,
00 00 00 00, 
00 00 00 00, 
00 00 00 00, 
00 00 00 00
