54 4E 4C 43 04 00 00 00 0E 00 00 00 4C 00 69 00
7A 00 61 00 72 00 64 00 6D 00 61 00 6E 00 20 00
57 00 61 00 6C 00 6C 00 00 00 00 80 3F F0 23 74
49 00 00 80 3F 00 00 80 3F 00 00 80 3F 00 00 00
00 00 00 00 00 00 00 00 00 00 00 00 00 00 00 00
00 00 00 00 00 00 00 00 00 00 00 00 00 00 00 00
00 00 00 00 60 C0 00 00 00 00 00 00 00 00 00 00
00 00 00 00 00 00 00 00 00 00 00 00 00 00 00 00
80 3F 00 00 00 00 00 00 00 00 00 00 00 00 00 00
00 00 00 00 00 00 00 00 00 00 00 00 00 00 00 00
00 00 00 00 00 00 00 00 00 00 00 00 00 00 00 00
00 00 00 00 00 00 00 00 00 00 00 00 00 00 00 00
00 00 00 00 00 00 00 00 00 00 00 00 00 00 00 00
00 00 00 00 00 00 00 00 00 00 00 01 00 01 00 00
00 00 00 00 00 02 00 00 00 04 00 00 00 DF 6A 67
C2 00 00 00 00 6C CD 1A C2 15 95 30 C2 00 00 00
00 6B CD 1A C2 15 95 30 C2 00 00 00 00 FE 0F 2C
C2 E0 6A 67 C2 00 00 00 00 FE 0F 2C C2 00 00 00
00 00 00 80 3F 00 00 00 80 03 00 00 00 02 00 00
00 01 00 03 00 FA FF 4B C2 00 00 00 00 B5 6E 23
C2 04 00 00 00 EF 22 30 42 00 00 00 00 6C CD 1A
C2 B9 F8 66 42 00 00 00 00 6B CD 1A C2 B9 F8 66
42 00 00 00 00 FE 0F 2C C2 EE 22 30 42 00 00 00
00 FE 0F 2C C2 00 00 00 00 00 00 80 3F 00 00 00
80 03 00 00 00 02 00 00 00 01 00 03 00 D4 8D 4B
42 00 00 00 00 B5 6E 23 C2 01 00 00 00 05 00 00
00 04 00 00 00 FA FF 0F 42 06 00 F0 41 09 54 F1
41 FB FF 83 42 06 00 F0 41 09 54 F1 41 FB FF 83
42 02 00 F0 41 89 09 2A 3E FA FF 0F 42 03 00 F0
41 89 09 2A 3E 00 00 00 80 00 00 80 3F 8F 88 88
B4 03 00 00 00 02 00 00 00 00 00 01 02 F8 FF 4B
42 05 00 F0 41 1D A8 72 41 04 00 00 00 45 E1 12
C2 00 00 F0 41 06 54 A9 41 43 E1 12 42 00 00 F0
41 06 54 A9 41 43 E1 12 42 00 00 F0 41 1E A8 12
41 45 E1 12 C2 00 00 F0 41 1E A8 12 41 00 00 00
80 00 00 80 3F 00 00 00 80 03 00 00 00 02 00 00
00 00 00 03 00 00 00 80 B6 00 00 F0 41 16 A8 72
41 04 00 00 00 FD FF 83 C2 05 00 F0 41 08 54 F1
41 FB FF 0F C2 05 00 F0 41 08 54 F1 41 FB FF 0F
C2 02 00 F0 41 89 09 2A 3E FD FF 83 C2 04 00 F0
41 89 09 2A 3E 00 00 00 80 00 00 80 3F D6 CC 4C
B4 03 00 00 00 02 00 00 00 00 00 01 02 FA FF 4B
C2 04 00 F0 41 1C A8 72 41 04 00 00 00 FB FF 33
42 A9 07 F0 41 E8 FA 2E 3E F9 FF 63 42 A7 07 F0
41 1E FA 2E 3E DE 7A 64 42 39 9B 0E 38 F2 55 1B
C2 1C 85 33 42 39 9B 0E 38 F1 55 1B C2 CD AA D4
33 68 E9 4A 3F 02 16 1C BF 03 00 00 00 02 00 00
00 00 00 00 02 FB FF 4B 42 BA 07 70 41 F7 A6 9A
C1 04 00 00 00 F7 FF 63 C2 70 07 F0 41 17 D9 2E
3E FB FF 33 C2 6C 07 F0 41 0A D8 2E 3E 1B 85 33
C2 39 9B 0E 38 F3 55 1B C2 D9 7A 64 C2 39 9B 0E
38 F4 55 1B C2 32 35 A1 34 6B E9 4A 3F FF 15 1C
BF 03 00 00 00 02 00 00 00 00 00 00 02 F9 FF 4B
C2 80 07 70 41 1B A7 9A C1 00 00 00 00 
06 00 00 00, 00 00 00 00, 00 00 00 00, 00, 
01 FA 00 00, 00 00 00 00, 00 00 00 00, 00,
02 FA 00 00, 00 00 00 00, 00 00 00 00, 00, 
03 FA 00 00, 00 00 00 00, 00 00 00 00, 00, 
04 FA 00 00, 00 00 00 00, 00 00 00 00, 00, 
08 FA 00 00, 00 00 00 00, 00 00 00 00, 00, 
0D FA 00 00, 00 00 00 00, 00 00 00 00
