54 4E 4C 43 04 00 00 00 11 00 00 00 53 00 6D 00
61 00 6C 00 6C 00 20 00 53 00 77 00 61 00 6D 00
70 00 20 00 52 00 75 00 69 00 6E 00 73 00 00 00
00 80 3F F0 23 74 49 00 00 80 3F 00 00 80 3F 00
00 80 3F 00 00 00 00 00 00 00 00 00 00 00 00 00
00 00 00 00 00 00 00 00 00 00 00 00 00 00 00 00
00 00 00 00 00 00 00 00 00 00 00 00 00 00 00 00
00 00 00 00 00 00 00 00 00 00 00 00 8C FA 00 00
00 00 00 00 00 00 80 3F 00 00 00 00 00 00 00 00
00 00 00 00 00 00 00 00 00 00 00 00 00 00 00 00
00 00 00 00 00 00 00 00 00 00 00 00 00 00 00 00
00 00 00 00 00 00 00 00 00 00 00 00 00 00 00 00
00 00 00 00 00 00 00 00 00 00 00 00 00 00 00 00
00 00 00 00 00 00 00 00 00 00 00 00 00 00 00 00
00 01 00 01 00 00 00 00 00 00 00 01 00 00 00 04
00 00 00 00 00 00 C0 00 00 00 00 33 33 97 41 00
00 00 40 00 00 00 00 33 33 97 41 00 00 00 40 21
AD 47 40 5A D7 6B 41 00 00 00 C0 21 AD 47 40 5A
D7 6B 41 00 00 00 00 CE CC 4C 3F 98 99 19 3F 03
00 00 00 02 00 00 00 01 00 03 00 00 00 00 00 21
AD C7 3F 70 8F 86 41 01 00 00 00 01 00 00 00 04
00 00 00 00 00 20 C1 08 00 40 40 BB CE 71 41 00
00 20 41 08 00 40 40 BB CE 71 41 00 00 20 41 00
00 40 40 94 99 71 C1 00 00 20 C1 00 00 40 40 94
99 71 C1 00 00 00 80 00 00 80 3F 29 92 87 B3 03
00 00 00 01 00 00 00 00 00 01 02 00 00 00 00 04
00 40 40 00 9C D4 3B 

00 00 00 00 

0A 00 00 00 00 00 00 00 00 00 00 00 00 = 10
7D FA 00 00 00 00 00 00 00 00 00 00 00 
7E FA 00 00 00 00 00 00 00 00 00 00 00 
7F FA 00 00 00 00 00 00 00 00 00 00 00 
80 FA 00 00 00 00 00 00 00 00 00 00 00 
81 FA 00 00 00 00 00 00 00 00 00 00 00 
82 FA 00 00 00 00 00 00 00 00 00 00 00 
83 FA 00 00 00 00 00 00 00 00 00 00 00 
86 FA 00 00 00 00 00 00 00 00 00 00 00
8B FA 00 00 01 00 00 00 00 00 00 00 00 
87 FA 00 00 00 00 00 00 00 00 00 00
