
54 4E 4C 43 = TNLC

04 00 00 00 = 4 type flag

12 00 00 00 = 18 counter for name

// Medium Swamp Ruins
4D 00 65 00 64 00 69 00 75 00 6D 00 20 00 53 00
77 00 61 00 6D 00 70 00 20 00 52 00 75 00 69 00 
6E 00 73 00 00 

// interesting vector 4?
00 00 80 3F - 1
F0 23 74 49 - 999999
00 00 80 3F - 1
00 00 80 3F - 1
00 00 80 3F - 1 

00 00 00 00, 00 00 00 00, 00 00 00 00, 00 00 00 00, 
00 00 00 00, 00 00 00 00, 00 00 00 00, 00 00 00 00, 
00 00 00 00, 00 00 00 00, 00 00 00 00, 00 00 00 00, 
00 00 00 00, 00 00 00 00, 00, // null short terminator 

73 FA 00 00, 
00 00 00 00, 
00 00 80 3F, 

00 00 00 00, 00 00 00 00, 00 00 00 00, 00 00 00 00, 
00 00 00 00, 00 00 00 00, 00 00 00 00, 00 00 00 00, 
00 00 00 00, 00 00 00 00, 00 00 00 00, 00 00 00 00,
00 00 00 00, 00 00 00 00, 00 00 00 00, 00 00 00 00,
00 00 00 00, 00 00 00 00, 00 00 00 00, 00 00 00 00, 
00 00 00 00, 00 00 00 00, 00,  // null short terminator 

01 00 02 00, 00 00 00 00, 00 00 02 00, 00 00 04 00, 
00 00 04 00, A0 C0 F2 EA, AC 40 6A FF, 1C C2 00 00,
A0 40 F2 EA, AC 40 6A FF, 1C C2 00 00, A0 40 00 00, 
00 80 FC FF, 47 C2 04 00, A0 C0 00 00, 00 80 FC FF, 
47 C2 00 00, 00 80 2D BB, 64 3F 8F F0, E5 BE 03 00, 
00 00 02 00, 00 00 01 00, 01 02 00 00, 80 B5 F2 EA, 
2C 40 B3 7F, 32 C2 04 00, 00 00 04 00, A0 C0 00 00, 
00 00 00 00, 48 42 00 00, A0 40 00 00, 00 80 00 00,

48 42 00 00, A0 40 F2 EA, AC 40 6E FF, 1C 42 02 00, 
A0 C0 F4 EA, AC 40 6E FF, 1C 42 00 00, 00 00 2D BB, 
64 3F 8F F0, E5 3E 03 00, 00 00 02 00, 00 00 01 00, 
03 00 00 00, 40 B5 F3 EA, 2C 40 B8 7F, 32 42 01 00, 
00 00 01 00, 00 00 04 00, 00 00 75 3A, EE C1 00 00, 
A0 40 16 2A, 1E 42 1C 7E, EF 41 00 00, A0 40 16 2A, 
1E 42 1C 7E, EF 41 00 00, A0 40 56 9D, 1F C2 75 3A, 
EE C1 00 00, A0 40 56 9D, 1F C2 00 00, 00 80 00 00, 
80 3F 00 00, 00 80 02 00, 00 00 01 00, 00 00 00 00, 
03 00 80 D3, A1 3D 00 00, A0 40 00 A0, 39 BE 01 00, 
00 00 00 00, 00 00 02 00, 00 00 01 00, 00 00 04 00, 
00 00 00 00, E8 C1 00 00, 70 41 D4 FE, 94 C1 00 00, 
E8 41 00 00, 70 41 D4 FE, 94 C1 00 00, E8 41 00 00, 
70 41 8C C0, 1F C2 00 00, E8 C1 00 00, 70 41 8C C0, 
1F C2 00 00, 00 80 01 00, 80 3F 00 00, 00 80 03 00, 
00 00 02 00, 00 00 00 00, 03 00 00 00, 00 00 00 00, 
70 41 F6 3F, EA C1 01 00, 00 00 04 00, 00 00 00 00, 
E8 C1 00 00, 70 41 02 78, 1B 42 00 00, E8 41 00 00, 
70 41 02 78, 1B 42 00 00, E8 41 00 00, 70 41 C1 6D, 
8C 41 00 00, E8 C1 00 00, 70 41 C1 6D, 8C 41 00 00, 
00 80 FF FF, 7F 3F 00 00, 00 80 03 00, 00 00 02 00, 
00 00 00 00, 03 00 00 00, 00 00 00 00, 70 41 E2 AE, 
E1 41 

00 00 00 00 

24 00 00 00, 00 00 00 00, 00 00 00 00 00 = 36
49 FA 00 00, 00 00 00 00, 00 00 00 00, 00, 
4A FA 00 00, 00 00 00 00, 00 00 00 00, 00,
4B FA 00 00, 00 00 00 00, 00 00 00 00, 00, 
4C FA 00 00, 00 00 00 00, 00 00 00 00, 00, 
4D FA 00 00, 00 00 00 00, 00 00 00 00, 00, 
4F FA 00 00, 00 00 00 00, 00 00 00 00, 00, 
50 FA 00 00, 00 00 00 00, 00 00 00 00, 00, 
51 FA 00 00, 00 00 00 00, 00 00 00 00, 00, 
52 FA 00 00, 00 00 00 00, 00 00 00 00, 00, 
53 FA 00 00, 00 00 00 00, 00 00 00 00, 00, 
59 FA 00 00, 00 00 00 00, 00 00 00 00, 00, 
5A FA 00 00, 00 00 00 00, 00 00 00 00, 00, 
5B FA 00 00, 00 00 00 00, 00 00 00 00, 00, 
5D FA 00 00, 00 00 00 00, 00 00 00 00, 00, 
5E FA 00 00, 00 00 00 00, 00 00 00 00, 00, 
63 FA 00 00, 00 00 00 00, 00 00 00 00, 00,
64 FA 00 00, 00 00 00 00, 00 00 00 00, 00, 
65 FA 00 00, 00 00 00 00, 00 00 00 00, 00,
66 FA 00 00, 00 00 00 00, 00 00 00 00, 00, 
6C FA 00 00, 00 00 00 00, 00 00 00 00, 00, 
6F FA 00 00, 00 00 00 00, 00 00 00 00, 00, 
71 FA 00 00, 01 00 00 00, 00 00 00 00, 00, 
4E FA 00 00, 01 00 00 00, 00 00 00 00, 00, 
54 FA 00 00, 01 00 00 00, 00 00 00 00, 00, 
55 FA 00 00, 01 00 00 00, 00 00 00 00, 00, 
56 FA 00 00, 01 00 00 00, 00 00 00 00, 00,  
57 FA 00 00, 01 00 00 00, 00 00 00 00, 00, 
58 FA 00 00, 01 00 00 00, 00 00 00 00, 00, 
5C FA 00 00, 01 00 00 00, 00 00 00 00, 00, 
5F FA 00 00, 01 00 00 00, 00 00 00 00, 00, 
60 FA 00 00, 01 00 00 00, 00 00 00 00, 00, 
61 FA 00 00, 01 00 00 00, 00 00 00 00, 00, 
62 FA 00 00, 01 00 00 00, 00 00 00 00, 00, 
70 FA 00 00, 01 00 00 00, 00 00 00 00, 00,
72 FA 00 00, 02 00 00 00, 00 00 00 00, 00, 
6D FA 00 00, 00 00 00 00, 00 00 00 00
